MEME version 4

ALPHABET= ACGT

strands: + -

Background letter frequencies
A 0.25 C 0.25 G 0.25 T 0.25

MOTIF MA0002.1 RUNX1
letter-probability matrix: alength= 4 w= 11 nsites= 26 E= 0
 0.384615  0.076923  0.115385  0.423077
 0.461538  0.076923  0.038462  0.423077
 0.153846  0.269231  0.038462  0.538462
 0.038462  0.038462  0.000000  0.923077
 0.076923  0.000000  0.884615  0.038462
 0.076923  0.307692  0.000000  0.615385
 0.000000  0.000000  1.000000  0.000000
 0.000000  0.000000  1.000000  0.000000
 0.000000  0.038462  0.000000  0.961538
 0.307692  0.076923  0.000000  0.615385
 0.500000  0.076923  0.153846  0.269231
URL http://jaspar.genereg.net/matrix/MA0002.1

MOTIF MA0003.1 TFAP2A
letter-probability matrix: alength= 4 w= 9 nsites= 185 E= 0
 0.000000  0.000000  1.000000  0.000000
 0.000000  1.000000  0.000000  0.000000
 0.000000  1.000000  0.000000  0.000000
 0.118919  0.383784  0.248649  0.248649
 0.102703  0.308108  0.329730  0.259459
 0.297297  0.237838  0.362162  0.102703
 0.286486  0.162162  0.491892  0.059459
 0.102703  0.086486  0.740541  0.070270
 0.048649  0.421622  0.427027  0.102703
URL http://jaspar.genereg.net/matrix/MA0003.1

MOTIF MA0004.1 Arnt
letter-probability matrix: alength= 4 w= 6 nsites= 20 E= 0
 0.200000  0.800000  0.000000  0.000000
 0.950000  0.000000  0.050000  0.000000
 0.000000  1.000000  0.000000  0.000000
 0.000000  0.000000  1.000000  0.000000
 0.000000  0.000000  0.000000  1.000000
 0.000000  0.000000  1.000000  0.000000
URL http://jaspar.genereg.net/matrix/MA0004.1

MOTIF MA0006.1 Ahr::Arnt
letter-probability matrix: alength= 4 w= 6 nsites= 24 E= 0
 0.125000  0.333333  0.083333  0.458333
 0.000000  0.000000  0.958333  0.041667
 0.000000  0.958333  0.000000  0.041667
 0.000000  0.000000  0.958333  0.041667
 0.000000  0.000000  0.000000  1.000000
 0.000000  0.000000  1.000000  0.000000
URL http://jaspar.genereg.net/matrix/MA0006.1

MOTIF MA0007.1 Ar
letter-probability matrix: alength= 4 w= 22 nsites= 24 E= 0
 0.375000  0.291667  0.083333  0.250000
 0.375000  0.083333  0.125000  0.416667
 0.458333  0.125000  0.125000  0.291667
 0.666667  0.041667  0.291667  0.000000
 0.000000  0.000000  0.916667  0.083333
 0.500000  0.250000  0.041667  0.208333
 0.875000  0.083333  0.000000  0.041667
 0.000000  1.000000  0.000000  0.000000
 0.625000  0.000000  0.333333  0.041667
 0.166667  0.375000  0.083333  0.375000
 0.208333  0.458333  0.083333  0.250000
 0.250000  0.375000  0.375000  0.000000
 0.125000  0.208333  0.041667  0.625000
 0.000000  0.000000  1.000000  0.000000
 0.166667  0.000000  0.000000  0.833333
 0.458333  0.208333  0.041667  0.291667
 0.041667  0.916667  0.041667  0.000000
 0.125000  0.666667  0.041667  0.166667
 0.250000  0.291667  0.208333  0.250000
 0.250000  0.208333  0.375000  0.166667
 0.416667  0.458333  0.000000  0.125000
 0.208333  0.458333  0.250000  0.083333
URL http://jaspar.genereg.net/matrix/MA0007.1

MOTIF MA0009.1 T
letter-probability matrix: alength= 4 w= 11 nsites= 40 E= 0
 0.050000  0.700000  0.200000  0.050000
 0.025000  0.025000  0.000000  0.950000
 1.000000  0.000000  0.000000  0.000000
 0.000000  0.000000  1.000000  0.000000
 0.000000  0.000000  1.000000  0.000000
 0.000000  0.000000  0.000000  1.000000
 0.000000  0.000000  1.000000  0.000000
 0.000000  0.050000  0.000000  0.950000
 0.025000  0.175000  0.700000  0.100000
 1.000000  0.000000  0.000000  0.000000
 0.775000  0.125000  0.000000  0.100000
URL http://jaspar.genereg.net/matrix/MA0009.1

MOTIF MA0014.1 Pax5
letter-probability matrix: alength= 4 w= 20 nsites= 12 E= 0
 0.333333  0.083333  0.333333  0.250000
 0.333333  0.000000  0.666667  0.000000
 0.333333  0.250000  0.250000  0.166667
 0.083333  0.166667  0.416667  0.333333
 0.166667  0.583333  0.083333  0.166667
 0.583333  0.166667  0.083333  0.166667
 0.166667  0.416667  0.250000  0.166667
 0.000000  0.250000  0.166667  0.583333
 0.083333  0.166667  0.666667  0.083333
 0.500000  0.083333  0.250000  0.166667
 0.500000  0.000000  0.166667  0.333333
 0.000000  0.000000  1.000000  0.000000
 0.166667  0.666667  0.083333  0.083333
 0.250000  0.000000  0.750000  0.000000
 0.083333  0.000000  0.333333  0.583333
 0.500000  0.083333  0.416667  0.000000
 0.416667  0.083333  0.416667  0.083333
 0.166667  0.833333  0.000000  0.000000
 0.166667  0.416667  0.416667  0.000000
 0.416667  0.000000  0.500000  0.083333
URL http://jaspar.genereg.net/matrix/MA0014.1

MOTIF MA0017.1 NR2F1
letter-probability matrix: alength= 4 w= 14 nsites= 13 E= 0
 0.000000  0.000000  0.153846  0.846154
 0.076923  0.000000  0.923077  0.000000
 0.923077  0.000000  0.076923  0.000000
 0.461538  0.538462  0.000000  0.000000
 0.000000  1.000000  0.000000  0.000000
 0.000000  0.230769  0.000000  0.769231
 0.000000  0.153846  0.000000  0.846154
 0.076923  0.000000  0.000000  0.923077
 0.153846  0.000000  0.846154  0.000000
 0.461538  0.307692  0.230769  0.000000
 0.461538  0.384615  0.076923  0.076923
 0.076923  0.769231  0.076923  0.076923
 0.230769  0.461538  0.000000  0.307692
 0.000000  0.230769  0.230769  0.538462
URL http://jaspar.genereg.net/matrix/MA0017.1

MOTIF MA0018.1 CREB1
letter-probability matrix: alength= 4 w= 12 nsites= 16 E= 0
 0.000000  0.437500  0.312500  0.250000
 0.187500  0.312500  0.250000  0.250000
 0.000000  0.187500  0.375000  0.437500
 0.125000  0.187500  0.687500  0.000000
 0.312500  0.062500  0.437500  0.187500
 0.000000  0.000000  0.000000  1.000000
 0.000000  0.000000  0.937500  0.062500
 1.000000  0.000000  0.000000  0.000000
 0.000000  1.000000  0.000000  0.000000
 0.000000  0.000000  1.000000  0.000000
 0.062500  0.312500  0.000000  0.625000
 0.312500  0.375000  0.187500  0.125000
URL http://jaspar.genereg.net/matrix/MA0018.1

MOTIF MA0019.1 Ddit3::Cebpa
letter-probability matrix: alength= 4 w= 12 nsites= 39 E= 0
 0.358974  0.179487  0.307692  0.153846
 0.282051  0.179487  0.358974  0.179487
 0.461538  0.076923  0.384615  0.076923
 0.000000  0.025641  0.000000  0.974359
 0.000000  0.000000  0.974359  0.025641
 0.102564  0.846154  0.000000  0.051282
 0.974359  0.025641  0.000000  0.000000
 0.923077  0.051282  0.025641  0.000000
 0.000000  0.153846  0.000000  0.846154
 0.358974  0.435897  0.128205  0.076923
 0.102564  0.589744  0.230769  0.076923
 0.000000  0.666667  0.153846  0.179487
URL http://jaspar.genereg.net/matrix/MA0019.1

MOTIF MA0024.1 E2F1
letter-probability matrix: alength= 4 w= 8 nsites= 10 E= 0
 0.000000  0.000000  0.000000  1.000000
 0.000000  0.000000  0.000000  1.000000
 0.000000  0.000000  0.000000  1.000000
 0.000000  0.400000  0.600000  0.000000
 0.000000  0.200000  0.800000  0.000000
 0.000000  1.000000  0.000000  0.000000
 0.000000  0.000000  1.000000  0.000000
 0.000000  0.900000  0.100000  0.000000
URL http://jaspar.genereg.net/matrix/MA0024.1

MOTIF MA0025.1 NFIL3
letter-probability matrix: alength= 4 w= 11 nsites= 23 E= 0
 0.043478  0.000000  0.000000  0.956522
 0.000000  0.000000  0.086957  0.913043
 0.956522  0.000000  0.000000  0.043478
 0.000000  0.347826  0.000000  0.652174
 0.086957  0.000000  0.913043  0.000000
 0.000000  0.000000  0.000000  1.000000
 1.000000  0.000000  0.000000  0.000000
 0.956522  0.000000  0.043478  0.000000
 0.000000  0.478261  0.173913  0.347826
 0.304348  0.217391  0.304348  0.173913
 0.217391  0.217391  0.130435  0.434783
URL http://jaspar.genereg.net/matrix/MA0025.1

MOTIF MA0027.1 En1
letter-probability matrix: alength= 4 w= 11 nsites= 10 E= 0
 0.400000  0.100000  0.200000  0.300000
 0.500000  0.200000  0.200000  0.100000
 0.300000  0.000000  0.700000  0.000000
 0.000000  0.000000  0.200000  0.800000
 0.400000  0.000000  0.300000  0.300000
 0.300000  0.000000  0.700000  0.000000
 0.300000  0.000000  0.000000  0.700000
 0.200000  0.100000  0.400000  0.300000
 0.100000  0.300000  0.300000  0.300000
 0.100000  0.400000  0.100000  0.400000
 0.100000  0.600000  0.100000  0.200000
URL http://jaspar.genereg.net/matrix/MA0027.1

MOTIF MA0028.1 ELK1
letter-probability matrix: alength= 4 w= 10 nsites= 28 E= 0
 0.250000  0.250000  0.357143  0.142857
 0.357143  0.214286  0.214286  0.214286
 0.321429  0.142857  0.357143  0.178571
 0.178571  0.678571  0.035714  0.107143
 0.071429  0.857143  0.035714  0.035714
 0.000000  0.000000  0.857143  0.142857
 0.035714  0.000000  0.964286  0.000000
 0.964286  0.000000  0.035714  0.000000
 0.750000  0.178571  0.000000  0.071429
 0.464286  0.000000  0.500000  0.035714
URL http://jaspar.genereg.net/matrix/MA0028.1

MOTIF MA0029.1 Mecom
letter-probability matrix: alength= 4 w= 14 nsites= 27 E= 0
 0.518519  0.074074  0.222222  0.185185
 0.740741  0.037037  0.074074  0.148148
 0.000000  0.037037  0.925926  0.037037
 1.000000  0.000000  0.000000  0.000000
 0.037037  0.370370  0.000000  0.592593
 1.000000  0.000000  0.000000  0.000000
 0.962963  0.000000  0.037037  0.000000
 0.000000  0.000000  1.000000  0.000000
 1.000000  0.000000  0.000000  0.000000
 0.000000  0.111111  0.000000  0.888889
 0.888889  0.037037  0.000000  0.074074
 0.851852  0.000000  0.148148  0.000000
 0.222222  0.259259  0.259259  0.259259
 0.555556  0.222222  0.111111  0.111111
URL http://jaspar.genereg.net/matrix/MA0029.1

MOTIF MA0030.1 FOXF2
letter-probability matrix: alength= 4 w= 14 nsites= 27 E= 0
 0.037037  0.370370  0.259259  0.333333
 0.370370  0.259259  0.185185  0.185185
 0.629630  0.148148  0.074074  0.148148
 0.464286  0.178571  0.178571  0.178571
 0.136364  0.500000  0.363636  0.000000
 0.259259  0.000000  0.740741  0.000000
 0.000000  0.000000  0.000000  1.000000
 1.000000  0.000000  0.000000  0.000000
 1.000000  0.000000  0.000000  0.000000
 1.000000  0.000000  0.000000  0.000000
 0.000000  0.925926  0.000000  0.074074
 1.000000  0.000000  0.000000  0.000000
 0.592593  0.148148  0.074074  0.185185
 0.259259  0.148148  0.222222  0.370370
URL http://jaspar.genereg.net/matrix/MA0030.1

MOTIF MA0031.1 FOXD1
letter-probability matrix: alength= 4 w= 8 nsites= 20 E= 0
 0.050000  0.050000  0.850000  0.050000
 0.000000  0.000000  0.000000  1.000000
 0.950000  0.050000  0.000000  0.000000
 1.000000  0.000000  0.000000  0.000000
 0.900000  0.050000  0.050000  0.000000
 0.050000  0.900000  0.000000  0.050000
 1.000000  0.000000  0.000000  0.000000
 0.350000  0.100000  0.150000  0.400000
URL http://jaspar.genereg.net/matrix/MA0031.1

MOTIF MA0032.1 FOXC1
letter-probability matrix: alength= 4 w= 8 nsites= 16 E= 0
 0.250000  0.250000  0.312500  0.187500
 0.125000  0.312500  0.375000  0.187500
 0.250000  0.250000  0.187500  0.312500
 0.375000  0.250000  0.312500  0.062500
 0.437500  0.187500  0.125000  0.250000
 0.000000  0.000000  1.000000  0.000000
 0.000000  0.000000  0.000000  1.000000
 1.000000  0.000000  0.000000  0.000000
URL http://jaspar.genereg.net/matrix/MA0032.1

MOTIF MA0033.1 FOXL1
letter-probability matrix: alength= 4 w= 8 nsites= 23 E= 0
 0.304348  0.043478  0.173913  0.478261
 0.434783  0.173913  0.086957  0.304348
 0.260870  0.130435  0.260870  0.347826
 0.565217  0.173913  0.173913  0.086957
 0.173913  0.434783  0.086957  0.304348
 0.913043  0.000000  0.086957  0.000000
 0.000000  0.086957  0.000000  0.913043
 0.956522  0.043478  0.000000  0.000000
URL http://jaspar.genereg.net/matrix/MA0033.1

MOTIF MA0035.1 Gata1
letter-probability matrix: alength= 4 w= 6 nsites= 53 E= 0
 0.245283  0.264151  0.283019  0.207547
 0.000000  0.000000  1.000000  0.000000
 0.943396  0.037736  0.000000  0.018868
 0.018868  0.000000  0.018868  0.962264
 0.245283  0.113208  0.471698  0.169811
 0.113208  0.301887  0.415094  0.169811
URL http://jaspar.genereg.net/matrix/MA0035.1

MOTIF MA0036.1 GATA2
letter-probability matrix: alength= 4 w= 5 nsites= 53 E= 0
 0.245283  0.245283  0.339623  0.169811
 0.000000  0.094340  0.905660  0.000000
 0.981132  0.000000  0.018868  0.000000
 0.000000  0.000000  0.000000  1.000000
 0.471698  0.132075  0.283019  0.113208
URL http://jaspar.genereg.net/matrix/MA0036.1

MOTIF MA0037.1 GATA3
letter-probability matrix: alength= 4 w= 6 nsites= 63 E= 0
 0.396825  0.222222  0.063492  0.317460
 0.000000  0.015873  0.984127  0.000000
 0.968254  0.000000  0.015873  0.015873
 0.000000  0.000000  0.079365  0.920635
 0.619048  0.015873  0.063492  0.301587
 0.238095  0.047619  0.587302  0.126984
URL http://jaspar.genereg.net/matrix/MA0037.1

MOTIF MA0038.1 Gfi1
letter-probability matrix: alength= 4 w= 10 nsites= 53 E= 0
 0.169811  0.377358  0.169811  0.283019
 0.528302  0.301887  0.132075  0.037736
 1.000000  0.000000  0.000000  0.000000
 1.000000  0.000000  0.000000  0.000000
 0.018868  0.000000  0.018868  0.962264
 0.018868  0.981132  0.000000  0.000000
 0.584906  0.132075  0.037736  0.245283
 0.150943  0.528302  0.207547  0.113208
 0.358491  0.207547  0.037736  0.396226
 0.132075  0.245283  0.528302  0.094340
URL http://jaspar.genereg.net/matrix/MA0038.1

MOTIF MA0039.1 Klf4
letter-probability matrix: alength= 4 w= 10 nsites= 49 E= 0
 0.367347  0.183673  0.040816  0.408163
 0.673469  0.000000  0.265306  0.061224
 0.612245  0.061224  0.306122  0.020408
 0.469388  0.020408  0.387755  0.122449
 0.265306  0.122449  0.591837  0.020408
 0.408163  0.081633  0.469388  0.040816
 0.734694  0.081633  0.102041  0.081633
 0.653061  0.040816  0.265306  0.040816
 0.265306  0.020408  0.673469  0.040816
 0.040816  0.020408  0.938776  0.000000
URL http://jaspar.genereg.net/matrix/MA0039.1

MOTIF MA0040.1 Foxq1
letter-probability matrix: alength= 4 w= 11 nsites= 18 E= 0
 0.222222  0.222222  0.166667  0.388889
 0.722222  0.055556  0.166667  0.055556
 0.277778  0.111111  0.000000  0.611111
 0.166667  0.000000  0.000000  0.833333
 0.000000  0.000000  1.000000  0.000000
 0.000000  0.000000  0.000000  1.000000
 0.000000  0.000000  0.000000  1.000000
 0.000000  0.000000  0.000000  1.000000
 0.944444  0.000000  0.055556  0.000000
 0.000000  0.055556  0.222222  0.722222
 0.333333  0.000000  0.166667  0.500000
URL http://jaspar.genereg.net/matrix/MA0040.1

MOTIF MA0041.1 Foxd3
letter-probability matrix: alength= 4 w= 12 nsites= 47 E= 0
 0.234043  0.063830  0.553191  0.148936
 0.638298  0.042553  0.000000  0.319149
 0.510638  0.021277  0.000000  0.468085
 0.021277  0.085106  0.000000  0.893617
 0.255319  0.000000  0.723404  0.021277
 0.000000  0.000000  0.000000  1.000000
 0.021277  0.000000  0.000000  0.978723
 0.106383  0.000000  0.212766  0.680851
 0.297872  0.000000  0.446809  0.255319
 0.127660  0.148936  0.000000  0.723404
 0.021277  0.042553  0.085106  0.851064
 0.000000  0.255319  0.000000  0.744681
URL http://jaspar.genereg.net/matrix/MA0041.1

MOTIF MA0042.1 FOXI1
letter-probability matrix: alength= 4 w= 12 nsites= 31 E= 0
 0.193548  0.032258  0.451613  0.322581
 0.129032  0.258065  0.387097  0.225806
 0.354839  0.129032  0.258065  0.258065
 0.000000  0.000000  0.000000  1.000000
 0.419355  0.000000  0.580645  0.000000
 0.000000  0.000000  0.000000  1.000000
 0.000000  0.000000  0.000000  1.000000
 0.000000  0.000000  0.000000  1.000000
 0.483871  0.000000  0.516129  0.000000
 0.000000  0.000000  0.225806  0.774194
 0.258065  0.032258  0.129032  0.580645
 0.064516  0.032258  0.129032  0.774194
URL http://jaspar.genereg.net/matrix/MA0042.1

MOTIF MA0043.1 HLF
letter-probability matrix: alength= 4 w= 12 nsites= 18 E= 0
 0.055556  0.222222  0.444444  0.277778
 0.333333  0.000000  0.666667  0.000000
 0.055556  0.000000  0.000000  0.944444
 0.000000  0.000000  0.166667  0.833333
 0.722222  0.055556  0.111111  0.111111
 0.000000  0.833333  0.055556  0.111111
 0.333333  0.000000  0.666667  0.000000
 0.000000  0.500000  0.000000  0.500000
 0.722222  0.222222  0.055556  0.000000
 0.833333  0.000000  0.055556  0.111111
 0.111111  0.166667  0.055556  0.666667
 0.277778  0.277778  0.166667  0.277778
URL http://jaspar.genereg.net/matrix/MA0043.1

MOTIF MA0046.1 HNF1A
letter-probability matrix: alength= 4 w= 14 nsites= 21 E= 0
 0.238095  0.000000  0.666667  0.095238
 0.047619  0.000000  0.952381  0.000000
 0.047619  0.000000  0.000000  0.952381
 0.047619  0.000000  0.000000  0.952381
 0.952381  0.000000  0.000000  0.047619
 0.761905  0.095238  0.047619  0.095238
 0.047619  0.000000  0.000000  0.952381
 0.380952  0.095238  0.190476  0.333333
 0.666667  0.000000  0.047619  0.285714
 0.095238  0.000000  0.000000  0.904762
 0.000000  0.190476  0.000000  0.809524
 0.619048  0.047619  0.142857  0.190476
 0.380952  0.380952  0.142857  0.095238
 0.238095  0.619048  0.000000  0.142857
URL http://jaspar.genereg.net/matrix/MA0046.1

MOTIF MA0047.1 Foxa2
letter-probability matrix: alength= 4 w= 12 nsites= 17 E= 0
 0.352941  0.411765  0.176471  0.058824
 0.647059  0.176471  0.058824  0.117647
 0.470588  0.176471  0.058824  0.294118
 0.000000  0.058824  0.000000  0.941176
 0.647059  0.000000  0.352941  0.000000
 0.000000  0.058824  0.000000  0.941176
 0.000000  0.058824  0.000000  0.941176
 0.000000  0.000000  0.352941  0.647059
 0.529412  0.000000  0.470588  0.000000
 0.000000  0.529412  0.000000  0.470588
 0.058824  0.058824  0.058824  0.823529
 0.000000  0.294118  0.000000  0.705882
URL http://jaspar.genereg.net/matrix/MA0047.1

MOTIF MA0048.1 NHLH1
letter-probability matrix: alength= 4 w= 12 nsites= 54 E= 0
 0.240741  0.240741  0.314815  0.203704
 0.240741  0.722222  0.037037  0.000000
 0.055556  0.092593  0.685185  0.166667
 0.018519  0.981481  0.000000  0.000000
 1.000000  0.000000  0.000000  0.000000
 0.018519  0.018519  0.962963  0.000000
 0.018519  0.925926  0.055556  0.000000
 0.018519  0.018519  0.000000  0.962963
 0.000000  0.000000  0.981481  0.018519
 0.055556  0.685185  0.148148  0.111111
 0.037037  0.000000  0.685185  0.277778
 0.092593  0.314815  0.222222  0.370370
URL http://jaspar.genereg.net/matrix/MA0048.1

MOTIF MA0050.1 IRF1
letter-probability matrix: alength= 4 w= 12 nsites= 20 E= 0
 0.300000  0.200000  0.500000  0.000000
 0.950000  0.000000  0.050000  0.000000
 0.950000  0.000000  0.000000  0.050000
 1.000000  0.000000  0.000000  0.000000
 0.250000  0.150000  0.550000  0.050000
 0.000000  0.500000  0.000000  0.500000
 0.050000  0.050000  0.900000  0.000000
 1.000000  0.000000  0.000000  0.000000
 0.950000  0.050000  0.000000  0.000000
 1.000000  0.000000  0.000000  0.000000
 0.050000  0.650000  0.300000  0.000000
 0.050000  0.650000  0.050000  0.250000
URL http://jaspar.genereg.net/matrix/MA0050.1

MOTIF MA0051.1 IRF2
letter-probability matrix: alength= 4 w= 18 nsites= 12 E= 0
 0.000000  0.333333  0.583333  0.083333
 0.166667  0.000000  0.833333  0.000000
 1.000000  0.000000  0.000000  0.000000
 0.916667  0.000000  0.000000  0.083333
 1.000000  0.000000  0.000000  0.000000
 0.166667  0.000000  0.833333  0.000000
 0.000000  0.500000  0.000000  0.500000
 0.000000  0.000000  1.000000  0.000000
 1.000000  0.000000  0.000000  0.000000
 1.000000  0.000000  0.000000  0.000000
 1.000000  0.000000  0.000000  0.000000
 0.000000  0.500000  0.500000  0.000000
 0.000000  0.583333  0.166667  0.250000
 0.416667  0.166667  0.250000  0.166667
 0.500000  0.000000  0.166667  0.333333
 0.500000  0.083333  0.083333  0.333333
 0.416667  0.166667  0.083333  0.333333
 0.250000  0.500000  0.083333  0.166667
URL http://jaspar.genereg.net/matrix/MA0051.1

MOTIF MA0052.1 MEF2A
letter-probability matrix: alength= 4 w= 10 nsites= 58 E= 0
 0.017241  0.862069  0.000000  0.120690
 0.000000  0.000000  0.000000  1.000000
 0.982759  0.017241  0.000000  0.000000
 0.034483  0.017241  0.000000  0.948276
 0.155172  0.000000  0.000000  0.844828
 0.103448  0.000000  0.000000  0.896552
 0.637931  0.000000  0.000000  0.362069
 0.034483  0.000000  0.000000  0.965517
 0.965517  0.000000  0.034483  0.000000
 0.103448  0.000000  0.862069  0.034483
URL http://jaspar.genereg.net/matrix/MA0052.1

MOTIF MA0056.1 MZF1
letter-probability matrix: alength= 4 w= 6 nsites= 20 E= 0
 0.150000  0.250000  0.200000  0.400000
 0.000000  0.000000  0.950000  0.050000
 0.100000  0.000000  0.900000  0.000000
 0.000000  0.000000  0.950000  0.050000
 0.000000  0.000000  1.000000  0.000000
 0.900000  0.000000  0.100000  0.000000
URL http://jaspar.genereg.net/matrix/MA0056.1

MOTIF MA0057.1 MZF1(var.2)
letter-probability matrix: alength= 4 w= 10 nsites= 16 E= 0
 0.062500  0.250000  0.437500  0.250000
 0.125000  0.000000  0.437500  0.437500
 0.937500  0.062500  0.000000  0.000000
 0.000000  0.000000  0.687500  0.312500
 0.000000  0.000000  0.937500  0.062500
 0.000000  0.125000  0.875000  0.000000
 0.000000  0.000000  0.875000  0.125000
 0.187500  0.062500  0.500000  0.250000
 0.625000  0.000000  0.250000  0.125000
 0.500000  0.125000  0.250000  0.125000
URL http://jaspar.genereg.net/matrix/MA0057.1

MOTIF MA0058.1 MAX
letter-probability matrix: alength= 4 w= 10 nsites= 17 E= 0
 0.352941  0.058824  0.352941  0.235294
 0.647059  0.058824  0.294118  0.000000
 0.294118  0.411765  0.058824  0.235294
 0.000000  1.000000  0.000000  0.000000
 0.941176  0.058824  0.000000  0.000000
 0.000000  1.000000  0.000000  0.000000
 0.058824  0.000000  0.941176  0.000000
 0.000000  0.000000  0.000000  1.000000
 0.000000  0.000000  1.000000  0.000000
 0.352941  0.176471  0.294118  0.176471
URL http://jaspar.genereg.net/matrix/MA0058.1

MOTIF MA0059.1 MAX::MYC
letter-probability matrix: alength= 4 w= 11 nsites= 21 E= 0
 0.333333  0.047619  0.428571  0.190476
 0.714286  0.047619  0.190476  0.047619
 0.095238  0.428571  0.428571  0.047619
 0.047619  0.952381  0.000000  0.000000
 1.000000  0.000000  0.000000  0.000000
 0.000000  0.952381  0.000000  0.047619
 0.047619  0.000000  0.952381  0.000000
 0.000000  0.047619  0.000000  0.952381
 0.000000  0.000000  1.000000  0.000000
 0.047619  0.047619  0.857143  0.047619
 0.142857  0.238095  0.000000  0.619048
URL http://jaspar.genereg.net/matrix/MA0059.1

MOTIF MA0060.1 NFYA
letter-probability matrix: alength= 4 w= 16 nsites= 116 E= 0
 0.293103  0.318966  0.232759  0.155172
 0.137931  0.284483  0.224138  0.353448
 0.060345  0.439655  0.215517  0.284483
 0.500000  0.120690  0.353448  0.025862
 0.439655  0.034483  0.482759  0.043103
 0.000000  1.000000  0.000000  0.000000
 0.017241  0.974138  0.008621  0.000000
 0.965517  0.000000  0.008621  0.025862
 1.000000  0.000000  0.000000  0.000000
 0.000000  0.008621  0.000000  0.991379
 0.120690  0.560345  0.284483  0.034483
 0.568966  0.051724  0.362069  0.017241
 0.112069  0.172414  0.629310  0.086207
 0.336207  0.370690  0.189655  0.103448
 0.310345  0.077586  0.405172  0.206897
 0.215517  0.301724  0.250000  0.232759
URL http://jaspar.genereg.net/matrix/MA0060.1

MOTIF MA0105.1 NFKB1
letter-probability matrix: alength= 4 w= 10 nsites= 38 E= 0
 0.000000  0.000000  1.000000  0.000000
 0.000000  0.000000  1.000000  0.000000
 0.026316  0.000000  0.973684  0.000000
 0.657895  0.000000  0.342105  0.000000
 0.500000  0.342105  0.026316  0.131579
 0.184211  0.026316  0.078947  0.710526
 0.026316  0.052632  0.052632  0.868421
 0.052632  0.447368  0.000000  0.500000
 0.052632  0.921053  0.000000  0.026316
 0.000000  0.947368  0.000000  0.052632
URL http://jaspar.genereg.net/matrix/MA0105.1

MOTIF MA0062.1 GABPA
letter-probability matrix: alength= 4 w= 10 nsites= 7 E= 0
 0.714286  0.142857  0.142857  0.000000
 0.142857  0.714286  0.142857  0.000000
 0.142857  0.857143  0.000000  0.000000
 0.000000  0.000000  1.000000  0.000000
 0.000000  0.000000  1.000000  0.000000
 1.000000  0.000000  0.000000  0.000000
 1.000000  0.000000  0.000000  0.000000
 0.000000  0.000000  1.000000  0.000000
 0.428571  0.142857  0.142857  0.285714
 0.000000  0.285714  0.571429  0.142857
URL http://jaspar.genereg.net/matrix/MA0062.1

MOTIF MA0063.1 Nkx2-5
letter-probability matrix: alength= 4 w= 7 nsites= 17 E= 0
 0.411765  0.000000  0.058824  0.529412
 0.000000  0.235294  0.000000  0.764706
 1.000000  0.000000  0.000000  0.000000
 1.000000  0.000000  0.000000  0.000000
 0.000000  0.000000  0.411765  0.588235
 0.235294  0.117647  0.000000  0.647059
 0.117647  0.058824  0.647059  0.176471
URL http://jaspar.genereg.net/matrix/MA0063.1

MOTIF MA0065.1 PPARG::RXRA
letter-probability matrix: alength= 4 w= 20 nsites= 41 E= 0
 0.243902  0.292683  0.170732  0.292683
 0.170732  0.317073  0.195122  0.317073
 0.463415  0.097561  0.146341  0.292683
 0.317073  0.024390  0.658537  0.000000
 0.414634  0.000000  0.585366  0.000000
 0.000000  0.000000  1.000000  0.000000
 0.000000  0.000000  0.951220  0.048780
 0.000000  0.048780  0.000000  0.951220
 0.048780  0.902439  0.048780  0.000000
 1.000000  0.000000  0.000000  0.000000
 1.000000  0.000000  0.000000  0.000000
 0.951220  0.000000  0.048780  0.000000
 0.000000  0.000000  1.000000  0.000000
 0.000000  0.000000  0.951220  0.048780
 0.000000  0.048780  0.000000  0.951220
 0.048780  0.878049  0.024390  0.048780
 0.926829  0.024390  0.048780  0.000000
 0.243902  0.292683  0.097561  0.365854
 0.317073  0.365854  0.219512  0.097561
 0.170732  0.243902  0.292683  0.292683
URL http://jaspar.genereg.net/matrix/MA0065.1

MOTIF MA0066.1 PPARG
letter-probability matrix: alength= 4 w= 20 nsites= 28 E= 0
 0.107143  0.285714  0.500000  0.107143
 0.107143  0.000000  0.000000  0.892857
 0.678571  0.000000  0.321429  0.000000
 0.000000  0.035714  0.964286  0.000000
 0.035714  0.000000  0.928571  0.035714
 0.000000  0.035714  0.142857  0.821429
 0.071429  0.821429  0.107143  0.000000
 0.928571  0.035714  0.000000  0.035714
 0.178571  0.535714  0.142857  0.142857
 0.178571  0.250000  0.357143  0.214286
 0.142857  0.071429  0.642857  0.142857
 0.035714  0.000000  0.071429  0.892857
 0.071429  0.178571  0.714286  0.035714
 0.785714  0.178571  0.000000  0.035714
 0.035714  0.964286  0.000000  0.000000
 0.000000  0.892857  0.000000  0.107143
 0.107143  0.428571  0.000000  0.464286
 0.785714  0.178571  0.000000  0.035714
 0.178571  0.428571  0.214286  0.178571
 0.250000  0.000000  0.035714  0.714286
URL http://jaspar.genereg.net/matrix/MA0066.1

MOTIF MA0067.1 Pax2
letter-probability matrix: alength= 4 w= 8 nsites= 31 E= 0
 0.322581  0.225806  0.161290  0.290323
 0.225806  0.032258  0.677419  0.064516
 0.096774  0.064516  0.000000  0.838710
 0.000000  0.903226  0.032258  0.064516
 0.838710  0.032258  0.096774  0.032258
 0.064516  0.548387  0.032258  0.354839
 0.064516  0.000000  0.612903  0.322581
 0.032258  0.354839  0.354839  0.258065
URL http://jaspar.genereg.net/matrix/MA0067.1

MOTIF MA0068.1 Pax4
letter-probability matrix: alength= 4 w= 30 nsites= 21 E= 0
 0.333333  0.095238  0.523810  0.047619
 0.952381  0.000000  0.047619  0.000000
 0.761905  0.095238  0.047619  0.095238
 0.523810  0.047619  0.047619  0.380952
 0.619048  0.047619  0.142857  0.190476
 0.523810  0.142857  0.047619  0.285714
 0.285714  0.047619  0.095238  0.571429
 0.428571  0.047619  0.047619  0.476190
 0.238095  0.142857  0.285714  0.333333
 0.238095  0.523810  0.047619  0.190476
 0.285714  0.523810  0.190476  0.000000
 0.333333  0.333333  0.238095  0.095238
 0.380952  0.333333  0.095238  0.190476
 0.285714  0.238095  0.047619  0.428571
 0.476190  0.238095  0.190476  0.095238
 0.190476  0.380952  0.190476  0.238095
 0.142857  0.285714  0.190476  0.380952
 0.333333  0.380952  0.142857  0.142857
 0.190476  0.428571  0.142857  0.238095
 0.428571  0.285714  0.095238  0.190476
 0.238095  0.333333  0.238095  0.190476
 0.238095  0.285714  0.095238  0.380952
 0.333333  0.523810  0.000000  0.142857
 0.285714  0.428571  0.047619  0.238095
 0.142857  0.571429  0.095238  0.190476
 0.333333  0.428571  0.095238  0.142857
 0.142857  0.571429  0.095238  0.190476
 0.047619  0.523810  0.142857  0.285714
 0.285714  0.523810  0.047619  0.142857
 0.142857  0.619048  0.095238  0.142857
URL http://jaspar.genereg.net/matrix/MA0068.1

MOTIF MA0069.1 Pax6
letter-probability matrix: alength= 4 w= 14 nsites= 43 E= 0
 0.046512  0.093023  0.093023  0.767442
 0.046512  0.046512  0.000000  0.906977
 0.093023  0.604651  0.023256  0.279070
 0.906977  0.046512  0.023256  0.023256
 0.069767  0.790698  0.023256  0.116279
 0.023256  0.000000  0.953488  0.023256
 0.023256  0.860465  0.093023  0.023256
 0.488372  0.046512  0.046512  0.418605
 0.023256  0.093023  0.023256  0.860465
 0.046512  0.325581  0.581395  0.046512
 0.837209  0.000000  0.139535  0.023256
 0.255814  0.255814  0.302326  0.186047
 0.023256  0.116279  0.069767  0.790698
 0.023256  0.000000  0.395349  0.581395
URL http://jaspar.genereg.net/matrix/MA0069.1

MOTIF MA0070.1 PBX1
letter-probability matrix: alength= 4 w= 12 nsites= 18 E= 0
 0.277778  0.333333  0.111111  0.277778
 0.166667  0.500000  0.166667  0.166667
 0.888889  0.055556  0.055556  0.000000
 0.055556  0.055556  0.000000  0.888889
 0.000000  1.000000  0.000000  0.000000
 0.944444  0.055556  0.000000  0.000000
 0.944444  0.000000  0.000000  0.055556
 0.000000  0.000000  0.055556  0.944444
 0.000000  1.000000  0.000000  0.000000
 0.888889  0.055556  0.000000  0.055556
 0.666667  0.000000  0.055556  0.277778
 0.444444  0.111111  0.111111  0.333333
URL http://jaspar.genereg.net/matrix/MA0070.1

MOTIF MA0071.1 RORA
letter-probability matrix: alength= 4 w= 10 nsites= 25 E= 0
 0.600000  0.040000  0.080000  0.280000
 0.360000  0.040000  0.000000  0.600000
 0.240000  0.480000  0.160000  0.120000
 0.440000  0.080000  0.200000  0.280000
 0.840000  0.000000  0.160000  0.000000
 0.000000  0.000000  1.000000  0.000000
 0.000000  0.000000  1.000000  0.000000
 0.000000  0.000000  0.000000  1.000000
 0.000000  1.000000  0.000000  0.000000
 1.000000  0.000000  0.000000  0.000000
URL http://jaspar.genereg.net/matrix/MA0071.1

MOTIF MA0072.1 RORA(var.2)
letter-probability matrix: alength= 4 w= 14 nsites= 36 E= 0
 0.250000  0.222222  0.222222  0.305556
 0.472222  0.055556  0.194444  0.277778
 0.416667  0.000000  0.083333  0.500000
 0.972222  0.027778  0.000000  0.000000
 0.638889  0.000000  0.000000  0.361111
 0.055556  0.333333  0.361111  0.250000
 0.000000  0.000000  0.000000  1.000000
 0.777778  0.000000  0.222222  0.000000
 0.000000  0.000000  1.000000  0.000000
 0.000000  0.000000  1.000000  0.000000
 0.000000  0.000000  0.000000  1.000000
 0.000000  1.000000  0.000000  0.000000
 1.000000  0.000000  0.000000  0.000000
 0.416667  0.166667  0.277778  0.138889
URL http://jaspar.genereg.net/matrix/MA0072.1

MOTIF MA0073.1 RREB1
letter-probability matrix: alength= 4 w= 20 nsites= 11 E= 0
 0.272727  0.727273  0.000000  0.000000
 0.090909  0.909091  0.000000  0.000000
 0.272727  0.727273  0.000000  0.000000
 0.000000  1.000000  0.000000  0.000000
 0.636364  0.363636  0.000000  0.000000
 0.818182  0.181818  0.000000  0.000000
 0.727273  0.272727  0.000000  0.000000
 0.363636  0.545455  0.000000  0.090909
 0.000000  1.000000  0.000000  0.000000
 1.000000  0.000000  0.000000  0.000000
 0.363636  0.636364  0.000000  0.000000
 0.090909  0.909091  0.000000  0.000000
 0.272727  0.727273  0.000000  0.000000
 0.363636  0.545455  0.090909  0.000000
 0.181818  0.818182  0.000000  0.000000
 0.363636  0.454545  0.000000  0.181818
 0.363636  0.454545  0.090909  0.090909
 0.363636  0.545455  0.000000  0.090909
 0.090909  0.636364  0.272727  0.000000
 0.363636  0.363636  0.181818  0.090909
URL http://jaspar.genereg.net/matrix/MA0073.1

MOTIF MA0074.1 RXRA::VDR
letter-probability matrix: alength= 4 w= 15 nsites= 10 E= 0
 0.300000  0.000000  0.700000  0.000000
 0.000000  0.000000  1.000000  0.000000
 0.000000  0.000000  0.900000  0.100000
 0.000000  0.000000  0.000000  1.000000
 0.000000  0.900000  0.000000  0.100000
 0.900000  0.000000  0.100000  0.000000
 0.400000  0.200000  0.000000  0.400000
 0.200000  0.400000  0.200000  0.200000
 0.200000  0.000000  0.800000  0.000000
 0.500000  0.000000  0.500000  0.000000
 0.000000  0.000000  1.000000  0.000000
 0.000000  0.000000  0.000000  1.000000
 0.100000  0.000000  0.000000  0.900000
 0.000000  0.900000  0.000000  0.100000
 0.700000  0.100000  0.200000  0.000000
URL http://jaspar.genereg.net/matrix/MA0074.1

MOTIF MA0075.1 Prrx2
letter-probability matrix: alength= 4 w= 5 nsites= 59 E= 0
 0.881356  0.033898  0.067797  0.016949
 1.000000  0.000000  0.000000  0.000000
 0.000000  0.000000  0.016949  0.983051
 0.000000  0.000000  0.000000  1.000000
 0.983051  0.000000  0.016949  0.000000
URL http://jaspar.genereg.net/matrix/MA0075.1

MOTIF MA0076.1 ELK4
letter-probability matrix: alength= 4 w= 9 nsites= 20 E= 0
 0.800000  0.050000  0.100000  0.050000
 0.000000  1.000000  0.000000  0.000000
 0.000000  1.000000  0.000000  0.000000
 0.000000  0.000000  1.000000  0.000000
 0.000000  0.000000  1.000000  0.000000
 1.000000  0.000000  0.000000  0.000000
 0.800000  0.000000  0.000000  0.200000
 0.200000  0.050000  0.750000  0.000000
 0.050000  0.300000  0.000000  0.650000
URL http://jaspar.genereg.net/matrix/MA0076.1

MOTIF MA0077.1 SOX9
letter-probability matrix: alength= 4 w= 9 nsites= 76 E= 0
 0.039474  0.723684  0.118421  0.118421
 0.105263  0.500000  0.078947  0.315789
 0.934211  0.013158  0.000000  0.052632
 0.026316  0.013158  0.026316  0.934211
 0.092105  0.000000  0.052632  0.855263
 0.026316  0.026316  0.947368  0.000000
 0.171053  0.000000  0.052632  0.776316
 0.118421  0.092105  0.078947  0.710526
 0.184211  0.407895  0.092105  0.315789
URL http://jaspar.genereg.net/matrix/MA0077.1

MOTIF MA0078.1 Sox17
letter-probability matrix: alength= 4 w= 9 nsites= 31 E= 0
 0.225806  0.290323  0.193548  0.290323
 0.258065  0.258065  0.129032  0.354839
 0.096774  0.580645  0.032258  0.290323
 0.967742  0.000000  0.000000  0.032258
 0.000000  0.032258  0.000000  0.967742
 0.000000  0.000000  0.000000  1.000000
 0.000000  0.000000  1.000000  0.000000
 0.000000  0.000000  0.064516  0.935484
 0.000000  0.548387  0.322581  0.129032
URL http://jaspar.genereg.net/matrix/MA0078.1

MOTIF MA0079.1 SP1
letter-probability matrix: alength= 4 w= 10 nsites= 8 E= 0
 0.125000  0.125000  0.500000  0.250000
 0.250000  0.125000  0.500000  0.125000
 0.000000  0.000000  1.000000  0.000000
 0.000000  0.000000  1.000000  0.000000
 0.000000  0.625000  0.250000  0.125000
 0.250000  0.000000  0.500000  0.250000
 0.000000  0.125000  0.625000  0.250000
 0.000000  0.000000  0.750000  0.250000
 0.125000  0.125000  0.750000  0.000000
 0.250000  0.000000  0.000000  0.750000
URL http://jaspar.genereg.net/matrix/MA0079.1

MOTIF MA0080.1 SPI1
letter-probability matrix: alength= 4 w= 6 nsites= 57 E= 0
 0.245614  0.368421  0.333333  0.052632
 0.070175  0.035088  0.842105  0.052632
 0.052632  0.000000  0.912281  0.035088
 0.982456  0.017544  0.000000  0.000000
 0.982456  0.000000  0.000000  0.017544
 0.052632  0.315789  0.596491  0.035088
URL http://jaspar.genereg.net/matrix/MA0080.1

MOTIF MA0081.1 SPIB
letter-probability matrix: alength= 4 w= 7 nsites= 49 E= 0
 0.632653  0.000000  0.000000  0.367347
 0.081633  0.285714  0.591837  0.040816
 0.489796  0.326531  0.142857  0.040816
 0.040816  0.000000  0.959184  0.000000
 0.020408  0.000000  0.959184  0.020408
 0.979592  0.000000  0.000000  0.020408
 0.959184  0.000000  0.000000  0.040816
URL http://jaspar.genereg.net/matrix/MA0081.1

MOTIF MA0083.1 SRF
letter-probability matrix: alength= 4 w= 12 nsites= 46 E= 0
 0.043478  0.021739  0.847826  0.086957
 0.195652  0.717391  0.043478  0.043478
 0.000000  0.978261  0.021739  0.000000
 0.021739  0.978261  0.000000  0.000000
 0.695652  0.021739  0.000000  0.282609
 0.065217  0.021739  0.000000  0.913043
 1.000000  0.000000  0.000000  0.000000
 0.021739  0.000000  0.000000  0.978261
 0.934783  0.000000  0.000000  0.065217
 0.326087  0.021739  0.000000  0.652174
 0.043478  0.000000  0.956522  0.000000
 0.043478  0.021739  0.934783  0.000000
URL http://jaspar.genereg.net/matrix/MA0083.1

MOTIF MA0084.1 SRY
letter-probability matrix: alength= 4 w= 9 nsites= 28 E= 0
 0.178571  0.178571  0.357143  0.285714
 0.285714  0.107143  0.142857  0.464286
 0.535714  0.000000  0.107143  0.357143
 0.642857  0.107143  0.107143  0.142857
 0.892857  0.000000  0.000000  0.107143
 0.000000  0.928571  0.000000  0.071429
 1.000000  0.000000  0.000000  0.000000
 0.964286  0.000000  0.035714  0.000000
 0.250000  0.000000  0.071429  0.678571
URL http://jaspar.genereg.net/matrix/MA0084.1

MOTIF MA0087.1 Sox5
letter-probability matrix: alength= 4 w= 7 nsites= 23 E= 0
 1.000000  0.000000  0.000000  0.000000
 0.000000  0.000000  0.043478  0.956522
 0.000000  0.000000  0.000000  1.000000
 0.043478  0.000000  0.956522  0.000000
 0.000000  0.043478  0.000000  0.956522
 0.043478  0.043478  0.000000  0.913043
 0.347826  0.130435  0.173913  0.347826
URL http://jaspar.genereg.net/matrix/MA0087.1

MOTIF MA0088.1 znf143
letter-probability matrix: alength= 4 w= 20 nsites= 10 E= 0
 0.000000  0.300000  0.400000  0.300000
 0.600000  0.200000  0.100000  0.100000
 0.200000  0.300000  0.100000  0.400000
 0.000000  0.300000  0.200000  0.500000
 0.200000  0.100000  0.000000  0.700000
 0.100000  0.700000  0.000000  0.200000
 0.000000  1.000000  0.000000  0.000000
 0.000000  1.000000  0.000000  0.000000
 0.900000  0.100000  0.000000  0.000000
 0.000000  0.100000  0.400000  0.500000
 0.400000  0.400000  0.200000  0.000000
 0.600000  0.200000  0.200000  0.000000
 0.000000  0.000000  0.100000  0.900000
 0.000000  0.100000  0.600000  0.300000
 0.000000  1.000000  0.000000  0.000000
 0.400000  0.500000  0.000000  0.100000
 0.300000  0.100000  0.100000  0.500000
 0.200000  0.300000  0.000000  0.500000
 0.100000  0.100000  0.700000  0.100000
 0.300000  0.600000  0.100000  0.000000
URL http://jaspar.genereg.net/matrix/MA0088.1

MOTIF MA0089.1 MAFG::NFE2L1
letter-probability matrix: alength= 4 w= 6 nsites= 34 E= 0
 0.205882  0.323529  0.294118  0.176471
 0.852941  0.058824  0.088235  0.000000
 0.000000  0.000000  0.000000  1.000000
 0.029412  0.000000  0.941176  0.029412
 1.000000  0.000000  0.000000  0.000000
 0.000000  0.764706  0.058824  0.176471
URL http://jaspar.genereg.net/matrix/MA0089.1

MOTIF MA0090.1 TEAD1
letter-probability matrix: alength= 4 w= 12 nsites= 12 E= 0
 0.083333  0.500000  0.083333  0.333333
 0.750000  0.000000  0.250000  0.000000
 0.000000  1.000000  0.000000  0.000000
 1.000000  0.000000  0.000000  0.000000
 0.000000  0.000000  0.000000  1.000000
 0.000000  0.000000  0.000000  1.000000
 0.000000  1.000000  0.000000  0.000000
 0.000000  0.916667  0.000000  0.083333
 0.416667  0.000000  0.000000  0.583333
 0.083333  0.583333  0.333333  0.000000
 0.166667  0.333333  0.250000  0.250000
 0.000000  0.166667  0.666667  0.166667
URL http://jaspar.genereg.net/matrix/MA0090.1

MOTIF MA0091.1 TAL1::TCF3
letter-probability matrix: alength= 4 w= 12 nsites= 44 E= 0
 0.295455  0.318182  0.181818  0.204545
 0.204545  0.227273  0.454545  0.113636
 0.886364  0.000000  0.068182  0.045455
 0.454545  0.545455  0.000000  0.000000
 0.000000  0.977273  0.022727  0.000000
 1.000000  0.000000  0.000000  0.000000
 0.000000  0.022727  0.250000  0.727273
 0.272727  0.727273  0.000000  0.000000
 0.000000  0.000000  0.000000  1.000000
 0.000000  0.000000  0.977273  0.022727
 0.000000  0.068182  0.454545  0.477273
 0.090909  0.090909  0.045455  0.772727
URL http://jaspar.genereg.net/matrix/MA0091.1

MOTIF MA0092.1 Hand1::Tcf3
letter-probability matrix: alength= 4 w= 10 nsites= 29 E= 0
 0.137931  0.275862  0.344828  0.241379
 0.344828  0.000000  0.517241  0.137931
 0.068966  0.068966  0.034483  0.827586
 0.000000  0.965517  0.000000  0.034483
 0.000000  0.000000  0.000000  1.000000
 0.000000  0.000000  1.000000  0.000000
 0.000000  0.103448  0.862069  0.034483
 0.310345  0.482759  0.034483  0.172414
 0.551724  0.000000  0.103448  0.344828
 0.172414  0.137931  0.137931  0.551724
URL http://jaspar.genereg.net/matrix/MA0092.1

MOTIF MA0093.1 USF1
letter-probability matrix: alength= 4 w= 7 nsites= 30 E= 0
 0.000000  1.000000  0.000000  0.000000
 1.000000  0.000000  0.000000  0.000000
 0.000000  0.933333  0.000000  0.066667
 0.033333  0.000000  0.966667  0.000000
 0.000000  0.033333  0.033333  0.933333
 0.000000  0.000000  1.000000  0.000000
 0.300000  0.066667  0.466667  0.166667
URL http://jaspar.genereg.net/matrix/MA0093.1

MOTIF MA0095.1 YY1
letter-probability matrix: alength= 4 w= 6 nsites= 17 E= 0
 0.352941  0.058824  0.411765  0.176471
 0.000000  0.941176  0.000000  0.058824
 0.000000  1.000000  0.000000  0.000000
 1.000000  0.000000  0.000000  0.000000
 0.000000  0.000000  0.000000  1.000000
 0.176471  0.470588  0.176471  0.176471
URL http://jaspar.genereg.net/matrix/MA0095.1

MOTIF MA0098.1 ETS1
